[gd_scene load_steps=23 format=3 uid="uid://bfqty2lqku5lg"]

[ext_resource type="Script" path="res://scenes/enemy/enemy.gd" id="1_dy6i0"]
[ext_resource type="PackedScene" uid="uid://l0ocmanq12py" path="res://assets/blender/bot1.blend" id="1_fabgi"]
[ext_resource type="Script" path="res://scenes/enemy/enemyVisual.gd" id="1_ossjd"]
[ext_resource type="PackedScene" uid="uid://c201w1smj62xl" path="res://assets/blender/bot2.blend" id="2_hh7p6"]
[ext_resource type="PackedScene" uid="uid://dewcxax5f0ln3" path="res://assets/blender/bot3.blend" id="3_0siqn"]

[sub_resource type="AnimationNodeAnimation" id="AnimationNodeAnimation_pfg55"]
animation = &"attack"

[sub_resource type="AnimationNodeAnimation" id="AnimationNodeAnimation_mtb62"]
animation = &"idle"

[sub_resource type="AnimationNodeAnimation" id="AnimationNodeAnimation_7bwv2"]
animation = &"walk"

[sub_resource type="AnimationNodeStateMachineTransition" id="AnimationNodeStateMachineTransition_3sj27"]

[sub_resource type="AnimationNodeStateMachineTransition" id="AnimationNodeStateMachineTransition_wxksk"]

[sub_resource type="AnimationNodeStateMachineTransition" id="AnimationNodeStateMachineTransition_bu2pa"]

[sub_resource type="AnimationNodeStateMachineTransition" id="AnimationNodeStateMachineTransition_5b2eb"]

[sub_resource type="AnimationNodeStateMachineTransition" id="AnimationNodeStateMachineTransition_d6nt4"]
advance_mode = 2

[sub_resource type="AnimationNodeStateMachineTransition" id="AnimationNodeStateMachineTransition_yeqjt"]
switch_mode = 2
advance_mode = 2

[sub_resource type="AnimationNodeStateMachineTransition" id="AnimationNodeStateMachineTransition_5ceqo"]

[sub_resource type="AnimationNodeStateMachine" id="AnimationNodeStateMachine_oy34n"]
states/End/position = Vector2(670, 174)
states/Start/position = Vector2(199, 174)
states/attack/node = SubResource("AnimationNodeAnimation_pfg55")
states/attack/position = Vector2(381, 70)
states/idle/node = SubResource("AnimationNodeAnimation_mtb62")
states/idle/position = Vector2(581, 70)
states/walk/node = SubResource("AnimationNodeAnimation_7bwv2")
states/walk/position = Vector2(381, 174)
transitions = ["attack", "walk", SubResource("AnimationNodeStateMachineTransition_3sj27"), "walk", "attack", SubResource("AnimationNodeStateMachineTransition_wxksk"), "walk", "idle", SubResource("AnimationNodeStateMachineTransition_bu2pa"), "idle", "walk", SubResource("AnimationNodeStateMachineTransition_5b2eb"), "Start", "walk", SubResource("AnimationNodeStateMachineTransition_d6nt4"), "attack", "idle", SubResource("AnimationNodeStateMachineTransition_yeqjt"), "idle", "attack", SubResource("AnimationNodeStateMachineTransition_5ceqo")]
graph_offset = Vector2(67, -28)

[sub_resource type="AnimationNodeTimeScale" id="AnimationNodeTimeScale_rus0s"]

[sub_resource type="AnimationNodeBlendTree" id="AnimationNodeBlendTree_g6yab"]
graph_offset = Vector2(-239.554, -7.8042)
nodes/StateMachine/node = SubResource("AnimationNodeStateMachine_oy34n")
nodes/StateMachine/position = Vector2(-80, 140)
nodes/TimeScale/node = SubResource("AnimationNodeTimeScale_rus0s")
nodes/TimeScale/position = Vector2(140, 140)
nodes/output/position = Vector2(360, 160)
node_connections = [&"output", 0, &"TimeScale", &"TimeScale", 0, &"StateMachine"]

[sub_resource type="AnimationNodeStateMachinePlayback" id="AnimationNodeStateMachinePlayback_2s6xo"]

[sub_resource type="AnimationNodeStateMachinePlayback" id="AnimationNodeStateMachinePlayback_o473m"]

[sub_resource type="AnimationNodeStateMachinePlayback" id="AnimationNodeStateMachinePlayback_0wmlk"]

[sub_resource type="BoxShape3D" id="BoxShape3D_xm4xx"]
size = Vector3(0.7, 1.8, 0.7)

[node name="enemy" type="PathFollow3D"]
loop = false
script = ExtResource("1_dy6i0")

[node name="timerAttack" type="Timer" parent="."]
wait_time = 5.0

[node name="enemyVisual" type="Node3D" parent="."]
script = ExtResource("1_ossjd")

[node name="1" type="Node3D" parent="enemyVisual"]

[node name="bot1" parent="enemyVisual/1" instance=ExtResource("1_fabgi")]

[node name="Skeleton3D" parent="enemyVisual/1/bot1/Empty/Armature" index="0"]
bones/0/position = Vector3(8.42828e-16, 0.49896, 0.0567328)
bones/1/rotation = Quaternion(0.69305, 0.140261, -0.693052, -0.140312)
bones/2/rotation = Quaternion(-8.7708e-05, -2.83431e-06, 0.777128, 0.629342)
bones/3/position = Vector3(0.190549, 1.54456, 3.81209e-06)
bones/3/rotation = Quaternion(8.64422e-05, 4.06245e-05, -0.375594, 0.926785)
bones/7/rotation = Quaternion(0.701896, -0.0856911, 0.701895, -0.0856906)
bones/8/rotation = Quaternion(-3.01801e-09, 3.03056e-07, -0.000935286, 1)
bones/9/position = Vector3(0.00219607, 1.59859, 1.17953e-07)
bones/9/rotation = Quaternion(4.35395e-07, 3.05056e-07, -0.570791, 0.821095)

[node name="Cube003" parent="enemyVisual/1/bot1/Empty/Armature/Skeleton3D" index="0"]
transform = Transform3D(1, -8.64102e-05, -5.14822e-05, 5.57741e-05, 0.902301, -0.431107, 8.3907e-05, 0.431107, 0.902301, 1.77724, -1.95027, 0.99644)
bone_idx = 4

[node name="Cube002" parent="enemyVisual/1/bot1/Empty/Armature/Skeleton3D" index="1"]
transform = Transform3D(5.25786e-05, -0.000122566, 1, -0.968602, 0.248619, 8.13644e-05, -0.248619, -0.968602, -0.000105461, 1.7557, -0.91681, -0.458675)
bone_idx = 5

[node name="Cylinder" parent="enemyVisual/1/bot1/Empty/Armature/Skeleton3D" index="2"]
transform = Transform3D(6.30677e-06, 1, -7.32054e-05, 0.336103, -7.10782e-05, -0.941825, -0.941825, -1.8473e-05, -0.336103, 1.75809, 0.728972, 0.0827129)
bone_idx = 6

[node name="Cube001" parent="enemyVisual/1/bot1/Empty/Armature/Skeleton3D" index="3"]
transform = Transform3D(1, 7.38378e-08, -1.56999e-07, -1.51176e-07, 0.996596, -0.0824491, -2.52196e-08, 0.0824492, 0.996595, -1.77717, -3.06366, -0.358693)
bone_idx = 10

[node name="Cube" parent="enemyVisual/1/bot1/Empty/Armature/Skeleton3D" index="4"]
transform = Transform3D(1.17335e-07, 9.50423e-07, 1, 0.297711, 0.954656, -9.20914e-07, -0.954656, 0.297711, -3.25846e-07, -1.75584, -1.12211, -0.259591)
bone_idx = 11

[node name="Cylinder003" parent="enemyVisual/1/bot1/Empty/Armature/Skeleton3D" index="5"]
transform = Transform3D(-1.6407e-07, 1, -5.4335e-07, 0.185227, -5.01396e-07, -0.982696, -0.982696, -4.21189e-07, -0.185227, -1.75811, 0.705703, 0.131072)
bone_idx = 12

[node name="Cylinder001" parent="enemyVisual/1/bot1/Empty/Armature/Skeleton3D" index="6"]
transform = Transform3D(1, 1.4211e-14, -2.84217e-14, -1.4211e-14, 1, -3.37508e-13, 1.42109e-14, 3.37508e-13, 1, -5.77083e-14, 3.72214, 1.29405)
bone_idx = 15

[node name="Cylinder002" parent="enemyVisual/1/bot1/Empty/Armature/Skeleton3D" index="7"]
transform = Transform3D(1, 1.4211e-14, -2.84217e-14, -1.4211e-14, 1, -3.37508e-13, 1.42109e-14, 3.37508e-13, 1, -1.10444e-13, 3.15791, 2.86739)
bone_idx = 16

[node name="Roundcube" parent="enemyVisual/1/bot1/Empty/Armature/Skeleton3D" index="8"]
transform = Transform3D(1, 1.42109e-14, -4.26326e-14, -1.42109e-14, 1, -3.55271e-15, 1.42109e-14, 3.55271e-15, 1, -5.37442e-15, 1.42456, -5.58794e-08)
bone_idx = 17

[node name="AnimationTree" type="AnimationTree" parent="enemyVisual/1"]
tree_root = SubResource("AnimationNodeBlendTree_g6yab")
anim_player = NodePath("../bot1/AnimationPlayer")
active = true
parameters/StateMachine/playback = SubResource("AnimationNodeStateMachinePlayback_2s6xo")
parameters/TimeScale/scale = 1.0

[node name="2" type="Node3D" parent="enemyVisual"]

[node name="bot3" parent="enemyVisual/2" instance=ExtResource("3_0siqn")]

[node name="Skeleton3D" parent="enemyVisual/2/bot3/root/Armature" index="0"]
bones/0/position = Vector3(0, 3.24364, 0)
bones/1/rotation = Quaternion(0.64538, 0.288938, -0.64538, -0.288938)
bones/2/rotation = Quaternion(-5.9235e-08, -4.83665e-09, 0.848055, 0.529908)
bones/3/position = Vector3(0.0849373, 1.43546, -1.34386e-07)
bones/3/rotation = Quaternion(7.14072e-08, 1.18886e-07, -0.370273, 0.928923)
bones/7/rotation = Quaternion(0.675927, -0.207662, 0.675927, -0.207662)
bones/8/rotation = Quaternion(-2.866e-08, 5.93166e-09, -0.365748, 0.930714)
bones/9/position = Vector3(-0.0437691, 1.42571, 5.30033e-08)
bones/9/rotation = Quaternion(-7.46332e-08, -1.16589e-07, -0.376951, 0.926233)
bones/14/position = Vector3(1.54737, 0.0228315, 0.318166)
bones/14/rotation = Quaternion(0.702108, -0.567314, -0.337303, 0.267257)
bones/15/rotation = Quaternion(0.162348, -0.921519, -0.352538, 0.0127648)
bones/21/rotation = Quaternion(0.673072, -0.476059, 0.463427, -0.324926)
bones/22/rotation = Quaternion(-0.679934, 0.0312583, -0.662602, 0.312524)

[node name="Cube003" parent="enemyVisual/2/bot3/root/Armature/Skeleton3D" index="0"]
transform = Transform3D(1, 8.84472e-09, 1.4485e-07, 1.54053e-08, 0.83737, -0.546636, -6.31788e-08, 0.546636, 0.83737, 1.77717, 1.23146, -0.105123)
bone_idx = 4

[node name="Cube002" parent="enemyVisual/2/bot3/root/Armature/Skeleton3D" index="1"]
transform = Transform3D(6.58385e-08, -1.42761e-07, 1, -0.918839, 0.394632, 7.75677e-08, -0.394632, -0.918839, -3.56265e-09, 1.75584, 2.52618, -1.31648)
bone_idx = 5

[node name="Cylinder" parent="enemyVisual/2/bot3/root/Armature/Skeleton3D" index="2"]
transform = Transform3D(-1.38479e-07, 1, -3.43137e-08, 0.770685, 4.78638e-08, -0.637216, -0.637216, -1.61282e-08, -0.770685, 1.75811, 3.63729, -0.0177221)
bone_idx = 6

[node name="Cube001" parent="enemyVisual/2/bot3/root/Armature/Skeleton3D" index="3"]
transform = Transform3D(1, 7.61328e-08, -1.22067e-07, -4.43442e-08, 0.997058, -0.0766547, 1.02522e-07, 0.0766548, 0.997057, -1.77717, 0.239607, -0.571235)
bone_idx = 10

[node name="Cube" parent="enemyVisual/2/bot3/root/Armature/Skeleton3D" index="4"]
transform = Transform3D(1.52269e-07, 1.70231e-07, 1, -0.13472, 0.990884, -1.40839e-07, -0.990883, -0.13472, 1.34772e-07, -1.75584, 2.17524, -1.04994)
bone_idx = 11

[node name="Cylinder003" parent="enemyVisual/2/bot3/root/Armature/Skeleton3D" index="5"]
transform = Transform3D(1.75002e-07, 1, 6.41376e-08, 0.592516, -9.307e-08, -0.805559, -0.805559, 1.08928e-07, -0.592516, -1.75811, 3.65747, -0.000409901)
bone_idx = 12

[node name="Cylinder006" parent="enemyVisual/2/bot3/root/Armature/Skeleton3D" index="6"]
transform = Transform3D(-0.979439, -0.167849, -0.111918, 0.112074, 0.00857634, -0.993662, 0.167746, -0.985775, 0.0104115, 0.100483, 4.94216, 2.08144)
bone_idx = 16

[node name="Cylinder005" parent="enemyVisual/2/bot3/root/Armature/Skeleton3D" index="7"]
transform = Transform3D(-0.616338, 0.776883, -0.128763, -0.213457, -0.00742637, 0.976924, 0.758, 0.629601, 0.170408, 1.50436, 5.44677, 0.372319)
bone_idx = 17

[node name="Cylinder001" parent="enemyVisual/2/bot3/root/Armature/Skeleton3D" index="8"]
transform = Transform3D(1.4862, -4.96308e-24, 4.96308e-24, 4.96308e-24, 1.4862, 2.43679e-33, -4.96308e-24, -2.43679e-33, 1.4862, 1.94388e-15, 8.28014, 0.830023)
bone_idx = 19

[node name="Cube004" parent="enemyVisual/2/bot3/root/Armature/Skeleton3D" index="9"]
transform = Transform3D(-0.225181, -0.56372, -0.794677, -0.153686, 0.825966, -0.542366, 0.962119, 1.88251e-24, -0.272628, 0.811841, 7.50658, 1.11335)
bone_idx = 20

[node name="Cylinder004" parent="enemyVisual/2/bot3/root/Armature/Skeleton3D" index="10"]
transform = Transform3D(-0.0918467, 0.0461279, 0.994704, -0.0778963, -0.996198, 0.0390046, 0.992722, -0.0739014, 0.0950906, -2.19946, 4.97676, -2.09284)
bone_idx = 23

[node name="Cylinder008" parent="enemyVisual/2/bot3/root/Armature/Skeleton3D" index="11"]
transform = Transform3D(0.373635, -4.17233e-07, -1.06171e-07, 1.86265e-09, 1.02166e-06, -0.373635, -3.72529e-08, 2.91316, 4.86616e-08, -2.52197, 5.30333, 2.52892)
bone_idx = 24

[node name="Cylinder002" parent="enemyVisual/2/bot3/root/Armature/Skeleton3D" index="12"]
transform = Transform3D(-0.339686, 0.933207, 0.117208, -0.335581, -0.00383819, -0.942003, -0.878635, -0.359318, 0.31447, -1.4626, 5.74472, -0.126766)
bone_idx = 25

[node name="Roundcube" parent="enemyVisual/2/bot3/root/Armature/Skeleton3D" index="13"]
transform = Transform3D(1, 0, -7.10543e-15, 0, 1, 0, 7.10543e-15, 0, 1, 0, 4.28055, -3.22489e-15)
bone_idx = 26

[node name="AnimationTree" type="AnimationTree" parent="enemyVisual/2"]
tree_root = SubResource("AnimationNodeBlendTree_g6yab")
anim_player = NodePath("../bot3/AnimationPlayer")
active = true
parameters/StateMachine/playback = SubResource("AnimationNodeStateMachinePlayback_o473m")
parameters/TimeScale/scale = 1.0

[node name="3" type="Node3D" parent="enemyVisual"]

[node name="bot2" parent="enemyVisual/3" instance=ExtResource("2_hh7p6")]

[node name="Skeleton3D" parent="enemyVisual/3/bot2/Empty/Armature" index="0"]
bones/0/position = Vector3(2.63457e-09, 3.6571, 7.45058e-09)
bones/1/rotation = Quaternion(0.692206, 0.144401, -0.692205, -0.1444)
bones/2/rotation = Quaternion(5.46488e-07, -5.4833e-08, 0.571497, 0.820604)
bones/3/position = Vector3(0.0545799, 1.60844, -1.72267e-07)
bones/3/rotation = Quaternion(-4.48223e-07, -3.36731e-07, -0.0442722, 0.99902)
bones/8/rotation = Quaternion(0.705847, -0.0421924, -0.705847, 0.0421923)
bones/9/rotation = Quaternion(-8.16567e-08, 1.00143e-07, 0.437048, 0.899438)
bones/12/rotation = Quaternion(0.368468, -6.41586e-15, 2.98743e-15, 0.92964)
bones/15/rotation = Quaternion(0.705847, 0.0421924, 0.705847, 0.0421923)
bones/16/rotation = Quaternion(-8.16567e-08, -1.00143e-07, -0.437048, 0.899438)
bones/20/rotation = Quaternion(0.70298, -0.0762858, 0.70298, -0.0762847)
bones/21/rotation = Quaternion(-1.42268e-07, 1.87113e-07, -0.0163696, 0.999866)
bones/22/position = Vector3(0.210453, 1.60418, 1.97746e-07)
bones/22/rotation = Quaternion(7.48651e-07, 4.9449e-07, -0.574777, 0.81831)

[node name="Cube005" parent="enemyVisual/3/bot2/Empty/Armature/Skeleton3D" index="0"]
transform = Transform3D(1, 9.66254e-07, -4.03935e-07, -9.89293e-07, 0.897185, -0.441654, -2.52412e-07, 0.441654, 0.897185, 1.31423, 0.594344, 0.106573)
bone_idx = 4

[node name="Cube004" parent="enemyVisual/3/bot2/Empty/Armature/Skeleton3D" index="1"]
transform = Transform3D(-3.03832e-07, 1.58043e-06, 1, -0.66016, 0.751125, -1.3348e-06, -0.751125, -0.66016, 7.00817e-07, 1.2929, 2.36384, -0.84551)
bone_idx = 5

[node name="Cylinder005" parent="enemyVisual/3/bot2/Empty/Armature/Skeleton3D" index="2"]
transform = Transform3D(6.46943e-07, 1, 5.23743e-07, 0.505607, 1.79414e-07, -0.862763, -0.862764, 7.09598e-07, -0.505607, 1.29517, 3.92243, 0.0122186)
bone_idx = 6

[node name="Cylinder010" parent="enemyVisual/3/bot2/Empty/Armature/Skeleton3D" index="3"]
transform = Transform3D(1.98999e-07, 1, -1.45262e-07, -0.51181, -8.27632e-08, 0.859098, 0.859098, -5.36602e-08, 0.51181, 2.96468, 5.15937, 0.216619)
bone_idx = 10

[node name="Cylinder009" parent="enemyVisual/3/bot2/Empty/Armature/Skeleton3D" index="4"]
transform = Transform3D(1.67641e-07, 1, 3.56933e-07, -1, 1.06651e-07, -2.38884e-07, -2.98489e-07, -4.33339e-07, 1, 2.96456, 7.76669, 1.2219e-06)
bone_idx = 11

[node name="Roundcube003" parent="enemyVisual/3/bot2/Empty/Armature/Skeleton3D" index="5"]
transform = Transform3D(1, -4.55733e-15, 1.46956e-14, 6.8875e-15, 1, -8.9407e-08, -2.81395e-14, 1.19209e-07, 1, 2.63461e-09, 8.96974, 2.91684)
bone_idx = 13

[node name="Cylinder008" parent="enemyVisual/3/bot2/Empty/Armature/Skeleton3D" index="6"]
transform = Transform3D(1, -4.55733e-15, 1.46956e-14, 6.8875e-15, 1, -8.9407e-08, -2.81395e-14, 1.19209e-07, 1, 2.63463e-09, 8.58438, 3.98793)
bone_idx = 14

[node name="Cylinder007" parent="enemyVisual/3/bot2/Empty/Armature/Skeleton3D" index="7"]
transform = Transform3D(1.28827e-07, 1, 3.24076e-07, -0.51181, -1.76048e-07, 0.859098, 0.859098, -1.4755e-07, 0.511811, -2.96468, 5.15937, 0.216619)
bone_idx = 17

[node name="Cylinder006" parent="enemyVisual/3/bot2/Empty/Armature/Skeleton3D" index="8"]
transform = Transform3D(1.00581e-07, 1, -2.37723e-07, -1, 1.30651e-07, -3.27826e-07, -4.16767e-07, 2.23454e-07, 1, -2.96456, 7.76669, 1.2219e-06)
bone_idx = 18

[node name="Roundcube001" parent="enemyVisual/3/bot2/Empty/Armature/Skeleton3D" index="9"]
transform = Transform3D(1, -7.44485e-15, 8.71938e-15, 9.77502e-15, 1, -1.49012e-08, -2.21633e-14, 1.49012e-08, 1, 2.63459e-09, 6.56887, 1.04795)
bone_idx = 19

[node name="Cube007" parent="enemyVisual/3/bot2/Empty/Armature/Skeleton3D" index="10"]
transform = Transform3D(1, 1.38758e-07, 4.70209e-07, -6.20742e-08, 0.99117, -0.132599, -6.08303e-07, 0.132599, 0.99117, -1.31424, 0.166158, -0.649148)
bone_idx = 23

[node name="Cube006" parent="enemyVisual/3/bot2/Empty/Armature/Skeleton3D" index="11"]
transform = Transform3D(-6.43707e-07, 1.8886e-06, 1, 0.264566, 0.964367, -1.62192e-06, -0.964367, 0.264566, -1.25213e-06, -1.2929, 2.18985, -0.563401)
bone_idx = 24

[node name="Cylinder004" parent="enemyVisual/3/bot2/Empty/Armature/Skeleton3D" index="12"]
transform = Transform3D(-5.59626e-07, 1, -1.46801e-06, 0.328726, -1.06302e-06, -0.944426, -0.944425, -1.10356e-06, -0.328726, -1.29517, 3.91044, 0.0355193)
bone_idx = 25

[node name="Roundcube" parent="enemyVisual/3/bot2/Empty/Armature/Skeleton3D" index="13"]
transform = Transform3D(1, -1.77636e-14, 4.26326e-14, 1.77636e-14, 1, 0, -5.68434e-14, 0, 1, 2.63458e-09, 4.42082, -7.45059e-09)
bone_idx = 26

[node name="AnimationTree" type="AnimationTree" parent="enemyVisual/3"]
tree_root = SubResource("AnimationNodeBlendTree_g6yab")
anim_player = NodePath("../bot2/AnimationPlayer")
active = true
parameters/StateMachine/playback = SubResource("AnimationNodeStateMachinePlayback_0wmlk")
parameters/TimeScale/scale = 1.0

[node name="CharacterBody3D" type="CharacterBody3D" parent="."]
collision_layer = 5

[node name="CollisionShape3D" type="CollisionShape3D" parent="CharacterBody3D"]
transform = Transform3D(1, 0, 0, 0, 1, 0, 0, 0, 1, 0, 0.909179, 0)
shape = SubResource("BoxShape3D_xm4xx")

[editable path="enemyVisual/1/bot1"]
[editable path="enemyVisual/2/bot3"]
[editable path="enemyVisual/3/bot2"]
