[gd_scene load_steps=22 format=3 uid="uid://bfqty2lqku5lg"]

[ext_resource type="Script" path="res://scenes/enemy/enemy.gd" id="1_dy6i0"]
[ext_resource type="PackedScene" uid="uid://l0ocmanq12py" path="res://assets/blender/bot1.blend" id="1_fabgi"]
[ext_resource type="Script" path="res://scenes/enemy/enemyVisual.gd" id="1_ossjd"]
[ext_resource type="PackedScene" uid="uid://c201w1smj62xl" path="res://assets/blender/bot2.blend" id="2_hh7p6"]
[ext_resource type="PackedScene" uid="uid://dewcxax5f0ln3" path="res://assets/blender/bot3.blend" id="3_0siqn"]

[sub_resource type="AnimationNodeAnimation" id="AnimationNodeAnimation_pfg55"]
animation = &"attack"

[sub_resource type="AnimationNodeAnimation" id="AnimationNodeAnimation_mtb62"]
animation = &"idle"

[sub_resource type="AnimationNodeAnimation" id="AnimationNodeAnimation_7bwv2"]
animation = &"walk"

[sub_resource type="AnimationNodeStateMachineTransition" id="AnimationNodeStateMachineTransition_3sj27"]

[sub_resource type="AnimationNodeStateMachineTransition" id="AnimationNodeStateMachineTransition_wxksk"]

[sub_resource type="AnimationNodeStateMachineTransition" id="AnimationNodeStateMachineTransition_bu2pa"]

[sub_resource type="AnimationNodeStateMachineTransition" id="AnimationNodeStateMachineTransition_5b2eb"]

[sub_resource type="AnimationNodeStateMachineTransition" id="AnimationNodeStateMachineTransition_d6nt4"]
advance_mode = 2

[sub_resource type="AnimationNodeStateMachineTransition" id="AnimationNodeStateMachineTransition_yeqjt"]
switch_mode = 2
advance_mode = 2

[sub_resource type="AnimationNodeStateMachineTransition" id="AnimationNodeStateMachineTransition_5ceqo"]

[sub_resource type="AnimationNodeStateMachine" id="AnimationNodeStateMachine_oy34n"]
states/End/position = Vector2(670, 174)
states/Start/position = Vector2(199, 174)
states/attack/node = SubResource("AnimationNodeAnimation_pfg55")
states/attack/position = Vector2(381, 70)
states/idle/node = SubResource("AnimationNodeAnimation_mtb62")
states/idle/position = Vector2(581, 70)
states/walk/node = SubResource("AnimationNodeAnimation_7bwv2")
states/walk/position = Vector2(381, 174)
transitions = ["attack", "walk", SubResource("AnimationNodeStateMachineTransition_3sj27"), "walk", "attack", SubResource("AnimationNodeStateMachineTransition_wxksk"), "walk", "idle", SubResource("AnimationNodeStateMachineTransition_bu2pa"), "idle", "walk", SubResource("AnimationNodeStateMachineTransition_5b2eb"), "Start", "walk", SubResource("AnimationNodeStateMachineTransition_d6nt4"), "attack", "idle", SubResource("AnimationNodeStateMachineTransition_yeqjt"), "idle", "attack", SubResource("AnimationNodeStateMachineTransition_5ceqo")]
graph_offset = Vector2(67, -28)

[sub_resource type="AnimationNodeTimeScale" id="AnimationNodeTimeScale_rus0s"]

[sub_resource type="AnimationNodeBlendTree" id="AnimationNodeBlendTree_g6yab"]
graph_offset = Vector2(-239.554, -7.8042)
nodes/StateMachine/node = SubResource("AnimationNodeStateMachine_oy34n")
nodes/StateMachine/position = Vector2(-80, 140)
nodes/TimeScale/node = SubResource("AnimationNodeTimeScale_rus0s")
nodes/TimeScale/position = Vector2(140, 140)
nodes/output/position = Vector2(360, 160)
node_connections = [&"output", 0, &"TimeScale", &"TimeScale", 0, &"StateMachine"]

[sub_resource type="AnimationNodeStateMachinePlayback" id="AnimationNodeStateMachinePlayback_2s6xo"]

[sub_resource type="AnimationNodeStateMachinePlayback" id="AnimationNodeStateMachinePlayback_o473m"]

[sub_resource type="AnimationNodeStateMachinePlayback" id="AnimationNodeStateMachinePlayback_0wmlk"]

[node name="enemy" type="PathFollow3D"]
loop = false
script = ExtResource("1_dy6i0")

[node name="timerAttack" type="Timer" parent="."]
wait_time = 5.0

[node name="enemyVisual" type="Node3D" parent="."]
script = ExtResource("1_ossjd")

[node name="1" type="Node3D" parent="enemyVisual"]

[node name="bot1" parent="enemyVisual/1" instance=ExtResource("1_fabgi")]

[node name="Skeleton3D" parent="enemyVisual/1/bot1/Empty/Armature" index="0"]
bones/0/position = Vector3(8.42828e-16, -0.098501, 0.0567328)
bones/1/rotation = Quaternion(0.66842, 0.230682, -0.668422, -0.230678)
bones/2/rotation = Quaternion(-3.63645e-07, -4.19787e-07, 0.00137109, 0.999999)
bones/3/position = Vector3(-0.0384451, 1.63368, 1.07636e-06)
bones/3/rotation = Quaternion(2.97162e-06, -2.5474e-06, 0.753337, 0.657635)
bones/7/rotation = Quaternion(0.670318, 0.225109, 0.670317, 0.22511)
bones/8/rotation = Quaternion(-1.04425e-08, 2.98751e-07, -0.00361732, 0.999993)
bones/9/position = Vector3(-0.118746, 1.55702, 1.6722e-07)
bones/9/rotation = Quaternion(7.72903e-07, 3.31295e-07, -0.198545, 0.980092)

[node name="Cube003" parent="enemyVisual/1/bot1/Empty/Armature/Skeleton3D" index="0"]
transform = Transform3D(1, -2.78495e-07, 4.82501e-06, 3.47206e-07, 0.999928, -0.0120263, -4.67444e-06, 0.0120266, 0.999928, 1.77719, -3.01391, -1.71076)
bone_idx = 4

[node name="Cube002" parent="enemyVisual/1/bot1/Empty/Armature/Skeleton3D" index="1"]
transform = Transform3D(-4.85034e-06, -4.26729e-06, 1, 0.661698, 0.74977, 6.3792e-06, -0.74977, 0.661699, -6.67707e-07, 1.75585, -1.32075, -1.09348)
bone_idx = 5

[node name="Cylinder" parent="enemyVisual/1/bot1/Empty/Armature/Skeleton3D" index="2"]
transform = Transform3D(-4.2199e-06, 1, 3.76884e-06, 0.571196, 5.495e-06, -0.820814, -0.820814, -1.15237e-06, -0.571196, 1.75811, 0.18712, 0.0109621)
bone_idx = 6

[node name="Cube001" parent="enemyVisual/1/bot1/Empty/Armature/Skeleton3D" index="3"]
transform = Transform3D(1, 1.33056e-07, 7.54508e-07, -1.9429e-07, 0.999999, -0.00141951, -8.53958e-07, 0.00141934, 0.999999, -1.77717, -3.02662, 2.69168)
bone_idx = 10

[node name="Cube" parent="enemyVisual/1/bot1/Empty/Armature/Skeleton3D" index="4"]
transform = Transform3D(-9.14256e-07, 1.22899e-06, 1, -0.559698, 0.828697, -1.50508e-06, -0.828696, -0.559699, -1.55392e-07, -1.75584, -1.32201, 1.60232)
bone_idx = 11

[node name="Cylinder003" parent="enemyVisual/1/bot1/Empty/Armature/Skeleton3D" index="5"]
transform = Transform3D(-1.20578e-06, 1, -6.93111e-07, -0.647767, -1.29951e-06, -0.761839, -0.761839, -5.43102e-07, 0.647767, -1.75811, 0.130481, 0.426098)
bone_idx = 12

[node name="Cylinder001" parent="enemyVisual/1/bot1/Empty/Armature/Skeleton3D" index="6"]
transform = Transform3D(1, 1.4211e-14, -2.84217e-14, -1.4211e-14, 1, -3.37508e-13, 1.42109e-14, 3.37508e-13, 1, -5.77083e-14, 3.12468, 1.29405)
bone_idx = 15

[node name="Cylinder002" parent="enemyVisual/1/bot1/Empty/Armature/Skeleton3D" index="7"]
transform = Transform3D(1, 1.4211e-14, -2.84217e-14, -1.4211e-14, 1, -3.37508e-13, 1.42109e-14, 3.37508e-13, 1, -1.10444e-13, 2.56045, 2.86739)
bone_idx = 16

[node name="Roundcube" parent="enemyVisual/1/bot1/Empty/Armature/Skeleton3D" index="8"]
transform = Transform3D(1, 1.42109e-14, -4.26326e-14, -1.42109e-14, 1, -3.55271e-15, 1.42109e-14, 3.55271e-15, 1, -5.37442e-15, 0.827096, -5.58794e-08)
bone_idx = 17

[node name="AnimationTree" type="AnimationTree" parent="enemyVisual/1"]
tree_root = SubResource("AnimationNodeBlendTree_g6yab")
anim_player = NodePath("../bot1/AnimationPlayer")
active = true
parameters/StateMachine/playback = SubResource("AnimationNodeStateMachinePlayback_2s6xo")
parameters/TimeScale/scale = 1.0

[node name="2" type="Node3D" parent="enemyVisual"]

[node name="bot3" parent="enemyVisual/2" instance=ExtResource("3_0siqn")]

[node name="Skeleton3D" parent="enemyVisual/2/bot3/root/Armature" index="0"]
bones/0/position = Vector3(0, 3.28232, 0)
bones/1/rotation = Quaternion(0.684738, 0.176448, -0.684738, -0.176448)
bones/2/rotation = Quaternion(-3.12914e-08, -1.00242e-08, 0.422657, 0.90629)
bones/3/position = Vector3(0.0802419, 1.50072, 2.46192e-08)
bones/3/rotation = Quaternion(-5.46118e-08, 1.10773e-07, 0.319912, 0.947447)
bones/7/rotation = Quaternion(0.619297, -0.341278, 0.619297, -0.341278)
bones/8/rotation = Quaternion(-6.42397e-08, 3.28448e-09, -0.852389, 0.522907)
bones/9/position = Vector3(-0.0847664, 1.43135, -2.02894e-08)
bones/9/rotation = Quaternion(7.69012e-08, -1.21766e-07, 0.32466, 0.945831)
bones/14/position = Vector3(1.54737, 0.0228315, 0.318166)
bones/14/rotation = Quaternion(0.702108, -0.567314, -0.337303, 0.267257)
bones/15/rotation = Quaternion(0.162348, -0.921519, -0.352538, 0.0127648)
bones/21/rotation = Quaternion(0.673072, -0.476059, 0.463427, -0.324926)
bones/22/rotation = Quaternion(-0.679934, 0.0312583, -0.662602, 0.312524)

[node name="Cube003" parent="enemyVisual/2/bot3/root/Armature/Skeleton3D" index="0"]
transform = Transform3D(1, 3.97528e-08, -2.212e-08, -9.11213e-08, 0.999853, 0.0171605, 6.73968e-08, -0.0171606, 0.999853, 1.77717, 0.214702, -0.0864679)
bone_idx = 4

[node name="Cube002" parent="enemyVisual/2/bot3/root/Armature/Skeleton3D" index="1"]
transform = Transform3D(-5.3567e-09, 3.01798e-08, 1, -0.343604, 0.939115, -4.60804e-08, -0.939114, -0.343604, 7.23669e-08, 1.75584, 2.13777, -0.894802)
bone_idx = 5

[node name="Cylinder" parent="enemyVisual/2/bot3/root/Armature/Skeleton3D" index="2"]
transform = Transform3D(3.90724e-08, 1, 2.26645e-09, 0.516223, -3.30011e-08, -0.856454, -0.856454, 9.80104e-08, -0.516222, 1.75811, 3.70468, 0.00470693)
bone_idx = 6

[node name="Cube001" parent="enemyVisual/2/bot3/root/Armature/Skeleton3D" index="3"]
transform = Transform3D(1, -5.88176e-08, 2.37921e-07, 1.06545e-07, 0.808013, -0.589165, -8.47475e-08, 0.589165, 0.808013, -1.77717, 1.31998, -0.426204)
bone_idx = 10

[node name="Cube" parent="enemyVisual/2/bot3/root/Armature/Skeleton3D" index="4"]
transform = Transform3D(4.51414e-08, -1.20034e-07, 1, -0.850083, 0.526648, 5.35297e-09, -0.526648, -0.850083, -4.49364e-08, -1.75584, 2.78438, -1.49542)
bone_idx = 11

[node name="Cylinder003" parent="enemyVisual/2/bot3/root/Armature/Skeleton3D" index="5"]
transform = Transform3D(-1.81234e-07, 1, 2.0758e-08, 0.865109, 3.90165e-08, -0.501583, -0.501583, -8.73735e-08, -0.865109, -1.75811, 3.66504, -0.0319254)
bone_idx = 12

[node name="Cylinder006" parent="enemyVisual/2/bot3/root/Armature/Skeleton3D" index="6"]
transform = Transform3D(-0.979439, -0.167849, -0.111918, 0.112074, 0.00857634, -0.993662, 0.167746, -0.985775, 0.0104115, 0.100483, 4.98084, 2.08144)
bone_idx = 16

[node name="Cylinder005" parent="enemyVisual/2/bot3/root/Armature/Skeleton3D" index="7"]
transform = Transform3D(-0.616338, 0.776883, -0.128763, -0.213457, -0.00742637, 0.976924, 0.758, 0.629601, 0.170408, 1.50436, 5.48545, 0.372319)
bone_idx = 17

[node name="Cylinder001" parent="enemyVisual/2/bot3/root/Armature/Skeleton3D" index="8"]
transform = Transform3D(1.4862, -4.96308e-24, 4.96308e-24, 4.96308e-24, 1.4862, 2.43679e-33, -4.96308e-24, -2.43679e-33, 1.4862, 1.94388e-15, 8.31883, 0.830023)
bone_idx = 19

[node name="Cube004" parent="enemyVisual/2/bot3/root/Armature/Skeleton3D" index="9"]
transform = Transform3D(-0.225181, -0.56372, -0.794677, -0.153686, 0.825966, -0.542366, 0.962119, 1.88251e-24, -0.272628, 0.811841, 7.54526, 1.11335)
bone_idx = 20

[node name="Cylinder004" parent="enemyVisual/2/bot3/root/Armature/Skeleton3D" index="10"]
transform = Transform3D(-0.0918467, 0.0461279, 0.994704, -0.0778963, -0.996198, 0.0390046, 0.992722, -0.0739014, 0.0950906, -2.19946, 5.01544, -2.09284)
bone_idx = 23

[node name="Cylinder008" parent="enemyVisual/2/bot3/root/Armature/Skeleton3D" index="11"]
transform = Transform3D(0.373635, -4.17233e-07, -1.06171e-07, 1.86265e-09, 1.02166e-06, -0.373635, -3.72529e-08, 2.91316, 4.86616e-08, -2.52197, 5.34201, 2.52892)
bone_idx = 24

[node name="Cylinder002" parent="enemyVisual/2/bot3/root/Armature/Skeleton3D" index="12"]
transform = Transform3D(-0.339686, 0.933207, 0.117208, -0.335581, -0.00383819, -0.942003, -0.878635, -0.359318, 0.31447, -1.4626, 5.7834, -0.126766)
bone_idx = 25

[node name="Roundcube" parent="enemyVisual/2/bot3/root/Armature/Skeleton3D" index="13"]
transform = Transform3D(1, 0, -7.10543e-15, 0, 1, 0, 7.10543e-15, 0, 1, 0, 4.31924, -3.22489e-15)
bone_idx = 26

[node name="AnimationTree" type="AnimationTree" parent="enemyVisual/2"]
tree_root = SubResource("AnimationNodeBlendTree_g6yab")
anim_player = NodePath("../bot3/AnimationPlayer")
active = true
parameters/StateMachine/playback = SubResource("AnimationNodeStateMachinePlayback_o473m")
parameters/TimeScale/scale = 1.0

[node name="3" type="Node3D" parent="enemyVisual"]

[node name="bot2" parent="enemyVisual/3" instance=ExtResource("2_hh7p6")]

[node name="Skeleton3D" parent="enemyVisual/3/bot2/Empty/Armature" index="0"]
bones/0/position = Vector3(-1.10362e-08, 3.50493, 1.49273e-08)
bones/1/rotation = Quaternion(0.646304, 0.286865, -0.646304, -0.286865)
bones/2/rotation = Quaternion(4.20991e-07, -5.69666e-08, 0.383313, 0.923618)
bones/3/position = Vector3(-0.0839358, 1.62955, -7.0623e-08)
bones/3/rotation = Quaternion(-5.66682e-07, -1.27795e-07, 0.415281, 0.909693)
bones/8/rotation = Quaternion(0.705847, -0.0421924, -0.705847, 0.0421923)
bones/9/rotation = Quaternion(-8.16567e-08, 1.00143e-07, 0.437048, 0.899438)
bones/12/rotation = Quaternion(0.368468, -6.41586e-15, 2.98743e-15, 0.92964)
bones/15/rotation = Quaternion(0.705847, 0.0421924, 0.705847, 0.0421923)
bones/16/rotation = Quaternion(-8.16567e-08, -1.00143e-07, -0.437048, 0.899438)
bones/20/rotation = Quaternion(0.695909, 0.125342, 0.695908, 0.125344)
bones/21/rotation = Quaternion(-1.49436e-07, 1.90279e-07, -0.061, 0.998138)
bones/22/position = Vector3(0.128973, 1.59812, 3.41898e-07)
bones/22/rotation = Quaternion(1.28134e-06, 6.96371e-07, -0.352688, 0.935741)

[node name="Cube005" parent="enemyVisual/3/bot2/Empty/Armature/Skeleton3D" index="0"]
transform = Transform3D(1, 2.88297e-07, 5.33235e-07, -1.05875e-07, 0.933621, -0.358261, -6.1884e-07, 0.358261, 0.933621, 1.31423, 0.657814, -1.5997)
bone_idx = 4

[node name="Cube004" parent="enemyVisual/3/bot2/Empty/Armature/Skeleton3D" index="1"]
transform = Transform3D(-1.51264e-07, 1.07991e-06, 1, 0.132616, 0.991168, -1.07448e-06, -0.991167, 0.132616, -2.37113e-07, 1.2929, 2.73887, -1.47545)
bone_idx = 5

[node name="Cylinder005" parent="enemyVisual/3/bot2/Empty/Armature/Skeleton3D" index="2"]
transform = Transform3D(2.86605e-07, 1, 2.95907e-07, 0.815868, -8.56714e-08, -0.578238, -0.578238, 4.64757e-07, -0.815868, 1.29517, 3.81027, -0.0278433)
bone_idx = 6

[node name="Cylinder010" parent="enemyVisual/3/bot2/Empty/Armature/Skeleton3D" index="3"]
transform = Transform3D(1.98999e-07, 1, -1.45262e-07, -0.51181, -8.27632e-08, 0.859098, 0.859098, -5.36602e-08, 0.51181, 2.96468, 5.0072, 0.216619)
bone_idx = 10

[node name="Cylinder009" parent="enemyVisual/3/bot2/Empty/Armature/Skeleton3D" index="4"]
transform = Transform3D(1.67641e-07, 1, 3.56933e-07, -1, 1.06651e-07, -2.38884e-07, -2.98489e-07, -4.33339e-07, 1, 2.96456, 7.61453, 1.2368e-06)
bone_idx = 11

[node name="Roundcube003" parent="enemyVisual/3/bot2/Empty/Armature/Skeleton3D" index="5"]
transform = Transform3D(1, -4.55733e-15, 1.46956e-14, 6.8875e-15, 1, -8.9407e-08, -2.81395e-14, 1.19209e-07, 1, -1.10361e-08, 8.81757, 2.91684)
bone_idx = 13

[node name="Cylinder008" parent="enemyVisual/3/bot2/Empty/Armature/Skeleton3D" index="6"]
transform = Transform3D(1, -4.55733e-15, 1.46956e-14, 6.8875e-15, 1, -8.9407e-08, -2.81395e-14, 1.19209e-07, 1, -1.10361e-08, 8.43221, 3.98793)
bone_idx = 14

[node name="Cylinder007" parent="enemyVisual/3/bot2/Empty/Armature/Skeleton3D" index="7"]
transform = Transform3D(1.28827e-07, 1, 3.24076e-07, -0.51181, -1.76048e-07, 0.859098, 0.859098, -1.4755e-07, 0.511811, -2.96468, 5.0072, 0.216619)
bone_idx = 17

[node name="Cylinder006" parent="enemyVisual/3/bot2/Empty/Armature/Skeleton3D" index="8"]
transform = Transform3D(1.00581e-07, 1, -2.37723e-07, -1, 1.30651e-07, -3.27826e-07, -4.16767e-07, 2.23454e-07, 1, -2.96456, 7.61453, 1.2368e-06)
bone_idx = 18

[node name="Roundcube001" parent="enemyVisual/3/bot2/Empty/Armature/Skeleton3D" index="9"]
transform = Transform3D(1, -7.44485e-15, 8.71938e-15, 9.77502e-15, 1, -1.49012e-08, -2.21633e-14, 1.49012e-08, 1, -1.10362e-08, 6.4167, 1.04795)
bone_idx = 19

[node name="Cube007" parent="enemyVisual/3/bot2/Empty/Armature/Skeleton3D" index="10"]
transform = Transform3D(1, -3.08955e-07, 1.31638e-06, 2.67319e-07, 0.999683, 0.025157, -1.17802e-06, -0.0251569, 0.999683, -1.31424, 0.126718, 1.45705)
bone_idx = 23

[node name="Cube006" parent="enemyVisual/3/bot2/Empty/Armature/Skeleton3D" index="11"]
transform = Transform3D(-1.77248e-06, 1.9451e-06, 1, -0.384048, 0.923313, -2.47053e-06, -0.923313, -0.384048, -7.54096e-07, -1.2929, 1.98283, 0.544746)
bone_idx = 24

[node name="Cylinder004" parent="enemyVisual/3/bot2/Empty/Armature/Skeleton3D" index="12"]
transform = Transform3D(-1.50588e-06, 1, -1.73646e-06, -0.235411, -1.92203e-06, -0.971896, -0.971896, -9.46146e-07, 0.235411, -1.29517, 3.75135, 0.111168)
bone_idx = 25

[node name="Roundcube" parent="enemyVisual/3/bot2/Empty/Armature/Skeleton3D" index="13"]
transform = Transform3D(1, -1.77636e-14, 4.26326e-14, 1.77636e-14, 1, 0, -5.68434e-14, 0, 1, -1.10362e-08, 4.26865, 2.61142e-11)
bone_idx = 26

[node name="AnimationTree" type="AnimationTree" parent="enemyVisual/3"]
tree_root = SubResource("AnimationNodeBlendTree_g6yab")
anim_player = NodePath("../bot2/AnimationPlayer")
active = true
parameters/StateMachine/playback = SubResource("AnimationNodeStateMachinePlayback_0wmlk")
parameters/TimeScale/scale = 1.0

[editable path="enemyVisual/1/bot1"]
[editable path="enemyVisual/2/bot3"]
[editable path="enemyVisual/3/bot2"]
