[gd_scene load_steps=22 format=3 uid="uid://bfqty2lqku5lg"]

[ext_resource type="Script" path="res://scenes/enemy/enemy.gd" id="1_dy6i0"]
[ext_resource type="PackedScene" uid="uid://l0ocmanq12py" path="res://assets/blender/bot1.blend" id="1_fabgi"]
[ext_resource type="Script" path="res://scenes/enemy/enemyVisual.gd" id="1_ossjd"]
[ext_resource type="PackedScene" uid="uid://c201w1smj62xl" path="res://assets/blender/bot2.blend" id="2_hh7p6"]
[ext_resource type="PackedScene" uid="uid://dewcxax5f0ln3" path="res://assets/blender/bot3.blend" id="3_0siqn"]

[sub_resource type="AnimationNodeAnimation" id="AnimationNodeAnimation_pfg55"]
animation = &"attack"

[sub_resource type="AnimationNodeAnimation" id="AnimationNodeAnimation_mtb62"]
animation = &"idle"

[sub_resource type="AnimationNodeAnimation" id="AnimationNodeAnimation_7bwv2"]
animation = &"walk"

[sub_resource type="AnimationNodeStateMachineTransition" id="AnimationNodeStateMachineTransition_3sj27"]

[sub_resource type="AnimationNodeStateMachineTransition" id="AnimationNodeStateMachineTransition_wxksk"]

[sub_resource type="AnimationNodeStateMachineTransition" id="AnimationNodeStateMachineTransition_bu2pa"]

[sub_resource type="AnimationNodeStateMachineTransition" id="AnimationNodeStateMachineTransition_5b2eb"]

[sub_resource type="AnimationNodeStateMachineTransition" id="AnimationNodeStateMachineTransition_d6nt4"]
advance_mode = 2

[sub_resource type="AnimationNodeStateMachineTransition" id="AnimationNodeStateMachineTransition_yeqjt"]
switch_mode = 2
advance_mode = 2

[sub_resource type="AnimationNodeStateMachineTransition" id="AnimationNodeStateMachineTransition_5ceqo"]

[sub_resource type="AnimationNodeStateMachine" id="AnimationNodeStateMachine_oy34n"]
states/End/position = Vector2(670, 174)
states/Start/position = Vector2(199, 174)
states/attack/node = SubResource("AnimationNodeAnimation_pfg55")
states/attack/position = Vector2(381, 70)
states/idle/node = SubResource("AnimationNodeAnimation_mtb62")
states/idle/position = Vector2(581, 70)
states/walk/node = SubResource("AnimationNodeAnimation_7bwv2")
states/walk/position = Vector2(381, 174)
transitions = ["attack", "walk", SubResource("AnimationNodeStateMachineTransition_3sj27"), "walk", "attack", SubResource("AnimationNodeStateMachineTransition_wxksk"), "walk", "idle", SubResource("AnimationNodeStateMachineTransition_bu2pa"), "idle", "walk", SubResource("AnimationNodeStateMachineTransition_5b2eb"), "Start", "walk", SubResource("AnimationNodeStateMachineTransition_d6nt4"), "attack", "idle", SubResource("AnimationNodeStateMachineTransition_yeqjt"), "idle", "attack", SubResource("AnimationNodeStateMachineTransition_5ceqo")]
graph_offset = Vector2(67, -28)

[sub_resource type="AnimationNodeTimeScale" id="AnimationNodeTimeScale_rus0s"]

[sub_resource type="AnimationNodeBlendTree" id="AnimationNodeBlendTree_g6yab"]
graph_offset = Vector2(-239.554, -7.8042)
nodes/StateMachine/node = SubResource("AnimationNodeStateMachine_oy34n")
nodes/StateMachine/position = Vector2(-80, 140)
nodes/TimeScale/node = SubResource("AnimationNodeTimeScale_rus0s")
nodes/TimeScale/position = Vector2(140, 140)
nodes/output/position = Vector2(360, 160)
node_connections = [&"output", 0, &"TimeScale", &"TimeScale", 0, &"StateMachine"]

[sub_resource type="AnimationNodeStateMachinePlayback" id="AnimationNodeStateMachinePlayback_2s6xo"]

[sub_resource type="AnimationNodeStateMachinePlayback" id="AnimationNodeStateMachinePlayback_o473m"]

[sub_resource type="AnimationNodeStateMachinePlayback" id="AnimationNodeStateMachinePlayback_0wmlk"]

[node name="enemy" type="PathFollow3D"]
loop = false
script = ExtResource("1_dy6i0")

[node name="timerAttack" type="Timer" parent="."]
wait_time = 5.0

[node name="enemyVisual" type="Node3D" parent="."]
script = ExtResource("1_ossjd")

[node name="1" type="Node3D" parent="enemyVisual"]

[node name="bot1" parent="enemyVisual/1" instance=ExtResource("1_fabgi")]

[node name="Skeleton3D" parent="enemyVisual/1/bot1/Empty/Armature" index="0"]
bones/0/position = Vector3(8.42828e-16, 0.101532, 0.0567328)
bones/1/rotation = Quaternion(0.696574, -0.121596, -0.696575, 0.12158)
bones/2/rotation = Quaternion(-3.12459e-05, -1.3355e-06, 0.278503, 0.960435)
bones/3/position = Vector3(0.160578, 1.55708, 1.17298e-06)
bones/3/rotation = Quaternion(2.98762e-05, 1.4145e-05, -0.00852506, 0.999964)
bones/7/rotation = Quaternion(0.679748, -0.194788, 0.679748, -0.194788)
bones/8/rotation = Quaternion(-4.48922e-09, 3.06544e-07, -0.000776172, 1)
bones/9/position = Vector3(0.0419714, 1.61236, 1.09869e-07)
bones/9/rotation = Quaternion(3.08889e-07, 2.83153e-07, -0.675698, 0.737179)

[node name="Cube003" parent="enemyVisual/1/bot1/Empty/Armature/Skeleton3D" index="0"]
transform = Transform3D(1, -1.6548e-05, -2.56829e-05, 1.21771e-05, 0.986689, -0.16262, 2.80188e-05, 0.162619, 0.986689, 1.7772, -2.94823, 2.33074)
bone_idx = 4

[node name="Cube002" parent="enemyVisual/1/bot1/Empty/Armature/Skeleton3D" index="1"]
transform = Transform3D(-3.92738e-06, -4.48279e-05, 1, -0.750549, 0.660815, 2.66615e-05, -0.660815, -0.750549, -3.62616e-05, 1.7558, -1.40265, 1.06049)
bone_idx = 5

[node name="Cylinder" parent="enemyVisual/1/bot1/Empty/Armature/Skeleton3D" index="2"]
transform = Transform3D(-7.03049e-06, 1, -2.19774e-05, -0.391521, -2.29668e-05, -0.920169, -0.920169, 2.10402e-06, 0.391521, 1.7581, 0.293164, 0.329665)
bone_idx = 6

[node name="Cube001" parent="enemyVisual/1/bot1/Empty/Armature/Skeleton3D" index="3"]
transform = Transform3D(1, 1.2539e-07, -2.12672e-07, -2.10466e-07, 0.991669, -0.128812, 7.61617e-08, 0.128812, 0.991669, -1.77717, -3.05383, -1.42711)
bone_idx = 10

[node name="Cube" parent="enemyVisual/1/bot1/Empty/Armature/Skeleton3D" index="4"]
transform = Transform3D(1.39804e-07, 7.15095e-07, 1, 0.579248, 0.815152, -6.37685e-07, -0.815151, 0.579248, -3.9417e-07, -1.75584, -1.25409, -0.900096)
bone_idx = 11

[node name="Cylinder003" parent="enemyVisual/1/bot1/Empty/Armature/Skeleton3D" index="5"]
transform = Transform3D(-1.21538e-07, 1, -3.08822e-07, 0.480738, -2.03033e-07, -0.876864, -0.876864, -3.59084e-07, -0.480738, -1.75811, 0.362553, 0.0379746)
bone_idx = 12

[node name="Cylinder001" parent="enemyVisual/1/bot1/Empty/Armature/Skeleton3D" index="6"]
transform = Transform3D(1, 1.4211e-14, -2.84217e-14, -1.4211e-14, 1, -3.37508e-13, 1.42109e-14, 3.37508e-13, 1, -5.77083e-14, 3.32471, 1.29405)
bone_idx = 15

[node name="Cylinder002" parent="enemyVisual/1/bot1/Empty/Armature/Skeleton3D" index="7"]
transform = Transform3D(1, 1.4211e-14, -2.84217e-14, -1.4211e-14, 1, -3.37508e-13, 1.42109e-14, 3.37508e-13, 1, -1.10444e-13, 2.76048, 2.86739)
bone_idx = 16

[node name="Roundcube" parent="enemyVisual/1/bot1/Empty/Armature/Skeleton3D" index="8"]
transform = Transform3D(1, 1.42109e-14, -4.26326e-14, -1.42109e-14, 1, -3.55271e-15, 1.42109e-14, 3.55271e-15, 1, -5.37442e-15, 1.02713, -5.58794e-08)
bone_idx = 17

[node name="AnimationTree" type="AnimationTree" parent="enemyVisual/1"]
tree_root = SubResource("AnimationNodeBlendTree_g6yab")
anim_player = NodePath("../bot1/AnimationPlayer")
active = true
parameters/StateMachine/playback = SubResource("AnimationNodeStateMachinePlayback_2s6xo")
parameters/TimeScale/scale = 1.0

[node name="2" type="Node3D" parent="enemyVisual"]

[node name="bot3" parent="enemyVisual/2" instance=ExtResource("3_0siqn")]

[node name="Skeleton3D" parent="enemyVisual/2/bot3/root/Armature" index="0"]
bones/0/position = Vector3(0, 3.08393, 0)
bones/1/rotation = Quaternion(0.705099, 0.0532507, -0.705099, -0.0532507)
bones/2/rotation = Quaternion(-6.44418e-08, -2.319e-08, 0.561228, 0.827661)
bones/3/position = Vector3(0.0723678, 1.47388, -1.39824e-07)
bones/3/rotation = Quaternion(3.65506e-08, 1.26655e-07, -0.176893, 0.98423)
bones/7/rotation = Quaternion(0.660636, -0.252111, 0.660636, -0.252111)
bones/8/rotation = Quaternion(-2.67518e-08, 1.06592e-08, -0.240282, 0.970703)
bones/9/position = Vector3(0.0183211, 1.42881, -1.25599e-07)
bones/9/rotation = Quaternion(-1.02488e-07, -1.07453e-07, -0.516647, 0.856199)
bones/14/position = Vector3(1.54737, 0.0228315, 0.318166)
bones/14/rotation = Quaternion(0.702108, -0.567314, -0.337303, 0.267257)
bones/15/rotation = Quaternion(0.162348, -0.921519, -0.352538, 0.0127648)
bones/21/rotation = Quaternion(0.673072, -0.476059, 0.463427, -0.324926)
bones/22/rotation = Quaternion(-0.679934, 0.0312583, -0.662602, 0.312524)

[node name="Cube003" parent="enemyVisual/2/bot3/root/Armature/Skeleton3D" index="0"]
transform = Transform3D(1, 5.72857e-08, 1.27833e-08, -8.33261e-08, 0.950131, -0.311852, 2.91243e-09, 0.311852, 0.950131, 1.77717, 0.342232, 1.06109)
bone_idx = 4

[node name="Cube002" parent="enemyVisual/2/bot3/root/Armature/Skeleton3D" index="1"]
transform = Transform3D(-3.13237e-08, -1.33844e-08, 1, -0.853872, 0.520482, -2.61519e-08, -0.520482, -0.853873, 3.81436e-08, 1.75584, 1.78606, -0.270756)
bone_idx = 5

[node name="Cylinder" parent="enemyVisual/2/bot3/root/Armature/Skeleton3D" index="2"]
transform = Transform3D(4.0489e-08, 1, -3.49595e-08, 0.187673, -4.85173e-08, -0.982231, -0.982231, 9.52695e-08, -0.187673, 1.75811, 3.54254, 0.0166243)
bone_idx = 6

[node name="Cube001" parent="enemyVisual/2/bot3/root/Armature/Skeleton3D" index="3"]
transform = Transform3D(1, 5.66406e-08, 6.17538e-08, -9.97818e-09, 0.987161, -0.159726, -7.66463e-08, 0.159726, 0.987161, -1.77717, 0.222809, -1.30823)
bone_idx = 10

[node name="Cube" parent="enemyVisual/2/bot3/root/Armature/Skeleton3D" index="4"]
transform = Transform3D(1.21012e-09, 1.1601e-07, 1, 0.258441, 0.966027, -1.0764e-07, -0.966027, 0.258441, -6.38617e-08, -1.75584, 2.15463, -1.2695)
bone_idx = 11

[node name="Cylinder003" parent="enemyVisual/2/bot3/root/Armature/Skeleton3D" index="5"]
transform = Transform3D(-1.41573e-09, 1, -2.22335e-09, 0.694091, -3.97095e-08, -0.719887, -0.719887, -7.47586e-08, -0.694091, -1.75811, 3.48631, -0.00916334)
bone_idx = 12

[node name="Cylinder006" parent="enemyVisual/2/bot3/root/Armature/Skeleton3D" index="6"]
transform = Transform3D(-0.979439, -0.167849, -0.111918, 0.112074, 0.00857634, -0.993662, 0.167746, -0.985775, 0.0104115, 0.100483, 4.78245, 2.08144)
bone_idx = 16

[node name="Cylinder005" parent="enemyVisual/2/bot3/root/Armature/Skeleton3D" index="7"]
transform = Transform3D(-0.616338, 0.776883, -0.128763, -0.213457, -0.00742637, 0.976924, 0.758, 0.629601, 0.170408, 1.50436, 5.28706, 0.372319)
bone_idx = 17

[node name="Cylinder001" parent="enemyVisual/2/bot3/root/Armature/Skeleton3D" index="8"]
transform = Transform3D(1.4862, -4.96308e-24, 4.96308e-24, 4.96308e-24, 1.4862, 2.43679e-33, -4.96308e-24, -2.43679e-33, 1.4862, 1.94388e-15, 8.12043, 0.830023)
bone_idx = 19

[node name="Cube004" parent="enemyVisual/2/bot3/root/Armature/Skeleton3D" index="9"]
transform = Transform3D(-0.225181, -0.56372, -0.794677, -0.153686, 0.825966, -0.542366, 0.962119, 1.88251e-24, -0.272628, 0.811841, 7.34687, 1.11335)
bone_idx = 20

[node name="Cylinder004" parent="enemyVisual/2/bot3/root/Armature/Skeleton3D" index="10"]
transform = Transform3D(-0.0918467, 0.0461279, 0.994704, -0.0778963, -0.996198, 0.0390046, 0.992722, -0.0739014, 0.0950906, -2.19946, 4.81705, -2.09284)
bone_idx = 23

[node name="Cylinder008" parent="enemyVisual/2/bot3/root/Armature/Skeleton3D" index="11"]
transform = Transform3D(0.373635, -4.17233e-07, -1.06171e-07, 1.86265e-09, 1.02166e-06, -0.373635, -3.72529e-08, 2.91316, 4.86616e-08, -2.52197, 5.14362, 2.52892)
bone_idx = 24

[node name="Cylinder002" parent="enemyVisual/2/bot3/root/Armature/Skeleton3D" index="12"]
transform = Transform3D(-0.339686, 0.933207, 0.117208, -0.335581, -0.00383819, -0.942003, -0.878635, -0.359318, 0.31447, -1.4626, 5.58501, -0.126766)
bone_idx = 25

[node name="Roundcube" parent="enemyVisual/2/bot3/root/Armature/Skeleton3D" index="13"]
transform = Transform3D(1, 0, -7.10543e-15, 0, 1, 0, 7.10543e-15, 0, 1, 0, 4.12084, -3.22489e-15)
bone_idx = 26

[node name="AnimationTree" type="AnimationTree" parent="enemyVisual/2"]
tree_root = SubResource("AnimationNodeBlendTree_g6yab")
anim_player = NodePath("../bot3/AnimationPlayer")
active = true
parameters/StateMachine/playback = SubResource("AnimationNodeStateMachinePlayback_o473m")
parameters/TimeScale/scale = 1.0

[node name="3" type="Node3D" parent="enemyVisual"]

[node name="bot2" parent="enemyVisual/3" instance=ExtResource("2_hh7p6")]

[node name="Skeleton3D" parent="enemyVisual/3/bot2/Empty/Armature" index="0"]
bones/0/position = Vector3(1.29503e-08, 3.31328, 1.20843e-08)
bones/1/rotation = Quaternion(0.699647, -0.102442, -0.699647, 0.102442)
bones/2/rotation = Quaternion(1.70613e-07, -7.26526e-08, 0.294112, 0.955771)
bones/3/position = Vector3(-0.00945549, 1.57696, 1.08403e-07)
bones/3/rotation = Quaternion(-1.62267e-07, -1.4603e-07, 0.0740835, 0.997252)
bones/8/rotation = Quaternion(0.705847, -0.0421924, -0.705847, 0.0421923)
bones/9/rotation = Quaternion(-8.16567e-08, 1.00143e-07, 0.437048, 0.899438)
bones/12/rotation = Quaternion(0.368468, -6.41586e-15, 2.98743e-15, 0.92964)
bones/15/rotation = Quaternion(0.705847, 0.0421924, 0.705847, 0.0421923)
bones/16/rotation = Quaternion(-8.16567e-08, -1.00143e-07, -0.437048, 0.899438)
bones/20/rotation = Quaternion(0.685207, -0.174618, 0.685207, -0.174618)
bones/21/rotation = Quaternion(-1.41888e-07, 1.86071e-07, -0.00367847, 0.999993)
bones/22/position = Vector3(0.260231, 1.60787, 1.09681e-07)
bones/22/rotation = Quaternion(4.05194e-07, 3.57934e-07, -0.691074, 0.722784)

[node name="Cube005" parent="enemyVisual/3/bot2/Empty/Armature/Skeleton3D" index="0"]
transform = Transform3D(1, 4.07948e-07, -3.27673e-07, -4.66257e-07, 0.990482, -0.137642, 3.46217e-07, 0.137642, 0.990482, 1.31423, 0.194134, 1.68042)
bone_idx = 4

[node name="Cube004" parent="enemyVisual/3/bot2/Empty/Armature/Skeleton3D" index="1"]
transform = Transform3D(-1.84385e-08, 7.20389e-07, 1, -0.719802, 0.69418, -5.10265e-07, -0.694179, -0.719802, 6.54569e-07, 1.2929, 1.7815, 0.440983)
bone_idx = 5

[node name="Cylinder005" parent="enemyVisual/3/bot2/Empty/Armature/Skeleton3D" index="2"]
transform = Transform3D(2.76133e-07, 1, 7.92087e-08, -0.171159, 1.30346e-07, -0.985243, -0.985243, 4.06902e-07, 0.171159, 1.29517, 3.55828, 0.102457)
bone_idx = 6

[node name="Cylinder010" parent="enemyVisual/3/bot2/Empty/Armature/Skeleton3D" index="3"]
transform = Transform3D(1.98999e-07, 1, -1.45262e-07, -0.51181, -8.27632e-08, 0.859098, 0.859098, -5.36602e-08, 0.51181, 2.96468, 4.81555, 0.216619)
bone_idx = 10

[node name="Cylinder009" parent="enemyVisual/3/bot2/Empty/Armature/Skeleton3D" index="4"]
transform = Transform3D(1.67641e-07, 1, 3.56933e-07, -1, 1.06651e-07, -2.38884e-07, -2.98489e-07, -4.33339e-07, 1, 2.96456, 7.42287, 1.2368e-06)
bone_idx = 11

[node name="Roundcube003" parent="enemyVisual/3/bot2/Empty/Armature/Skeleton3D" index="5"]
transform = Transform3D(1, -4.55733e-15, 1.46956e-14, 6.8875e-15, 1, -8.9407e-08, -2.81395e-14, 1.19209e-07, 1, 1.29503e-08, 8.62591, 2.91684)
bone_idx = 13

[node name="Cylinder008" parent="enemyVisual/3/bot2/Empty/Armature/Skeleton3D" index="6"]
transform = Transform3D(1, -4.55733e-15, 1.46956e-14, 6.8875e-15, 1, -8.9407e-08, -2.81395e-14, 1.19209e-07, 1, 1.29503e-08, 8.24056, 3.98793)
bone_idx = 14

[node name="Cylinder007" parent="enemyVisual/3/bot2/Empty/Armature/Skeleton3D" index="7"]
transform = Transform3D(1.28827e-07, 1, 3.24076e-07, -0.51181, -1.76048e-07, 0.859098, 0.859098, -1.4755e-07, 0.511811, -2.96468, 4.81555, 0.216619)
bone_idx = 17

[node name="Cylinder006" parent="enemyVisual/3/bot2/Empty/Armature/Skeleton3D" index="8"]
transform = Transform3D(1.00581e-07, 1, -2.37723e-07, -1, 1.30651e-07, -3.27826e-07, -4.16767e-07, 2.23454e-07, 1, -2.96456, 7.42287, 1.2368e-06)
bone_idx = 18

[node name="Roundcube001" parent="enemyVisual/3/bot2/Empty/Armature/Skeleton3D" index="9"]
transform = Transform3D(1, -7.44485e-15, 8.71938e-15, 9.77502e-15, 1, -1.49012e-08, -2.21633e-14, 1.49012e-08, 1, 1.29503e-08, 6.22505, 1.04795)
bone_idx = 19

[node name="Cube007" parent="enemyVisual/3/bot2/Empty/Armature/Skeleton3D" index="10"]
transform = Transform3D(1, 5.0086e-07, 3.89724e-07, -4.59348e-07, 0.990222, -0.139503, -4.60439e-07, 0.139503, 0.990221, -1.31424, 0.200692, -1.55743)
bone_idx = 23

[node name="Cube006" parent="enemyVisual/3/bot2/Empty/Armature/Skeleton3D" index="11"]
transform = Transform3D(-3.24052e-07, 1.63291e-06, 1, 0.54468, 0.838644, -1.19465e-06, -0.838644, 0.54468, -1.17357e-06, -1.2929, 2.10107, -1.05407)
bone_idx = 24

[node name="Cylinder004" parent="enemyVisual/3/bot2/Empty/Armature/Skeleton3D" index="12"]
transform = Transform3D(-2.95557e-07, 1, -1.18275e-06, 0.579262, -6.99604e-07, -0.815141, -0.815141, -8.69956e-07, -0.579262, -1.29517, 3.58543, 0.0025939)
bone_idx = 25

[node name="Roundcube" parent="enemyVisual/3/bot2/Empty/Armature/Skeleton3D" index="13"]
transform = Transform3D(1, -1.77636e-14, 4.26326e-14, 1.77636e-14, 1, 0, -5.68434e-14, 0, 1, 1.29503e-08, 4.077, -2.81686e-09)
bone_idx = 26

[node name="AnimationTree" type="AnimationTree" parent="enemyVisual/3"]
tree_root = SubResource("AnimationNodeBlendTree_g6yab")
anim_player = NodePath("../bot2/AnimationPlayer")
active = true
parameters/StateMachine/playback = SubResource("AnimationNodeStateMachinePlayback_0wmlk")
parameters/TimeScale/scale = 1.0

[editable path="enemyVisual/1/bot1"]
[editable path="enemyVisual/2/bot3"]
[editable path="enemyVisual/3/bot2"]
