[gd_scene load_steps=24 format=3 uid="uid://bfqty2lqku5lg"]

[ext_resource type="Script" path="res://scenes/enemy/enemy.gd" id="1_dy6i0"]
[ext_resource type="PackedScene" uid="uid://l0ocmanq12py" path="res://assets/blender/bot1.blend" id="1_fabgi"]
[ext_resource type="Script" path="res://scenes/enemy/enemyVisual.gd" id="1_ossjd"]
[ext_resource type="PackedScene" uid="uid://c6n7gtrebkw2f" path="res://scenes/common/gizmoBilliboard.tscn" id="2_0dv6n"]
[ext_resource type="PackedScene" uid="uid://c201w1smj62xl" path="res://assets/blender/bot2.blend" id="2_hh7p6"]
[ext_resource type="PackedScene" uid="uid://dewcxax5f0ln3" path="res://assets/blender/bot3.blend" id="3_0siqn"]

[sub_resource type="AnimationNodeAnimation" id="AnimationNodeAnimation_pfg55"]
animation = &"attack"

[sub_resource type="AnimationNodeAnimation" id="AnimationNodeAnimation_mtb62"]
animation = &"idle"

[sub_resource type="AnimationNodeAnimation" id="AnimationNodeAnimation_7bwv2"]
animation = &"walk"

[sub_resource type="AnimationNodeStateMachineTransition" id="AnimationNodeStateMachineTransition_3sj27"]

[sub_resource type="AnimationNodeStateMachineTransition" id="AnimationNodeStateMachineTransition_wxksk"]

[sub_resource type="AnimationNodeStateMachineTransition" id="AnimationNodeStateMachineTransition_bu2pa"]

[sub_resource type="AnimationNodeStateMachineTransition" id="AnimationNodeStateMachineTransition_5b2eb"]

[sub_resource type="AnimationNodeStateMachineTransition" id="AnimationNodeStateMachineTransition_d6nt4"]
advance_mode = 2

[sub_resource type="AnimationNodeStateMachineTransition" id="AnimationNodeStateMachineTransition_yeqjt"]
switch_mode = 2
advance_mode = 2

[sub_resource type="AnimationNodeStateMachineTransition" id="AnimationNodeStateMachineTransition_5ceqo"]

[sub_resource type="AnimationNodeStateMachine" id="AnimationNodeStateMachine_oy34n"]
states/End/position = Vector2(670, 174)
states/Start/position = Vector2(199, 174)
states/attack/node = SubResource("AnimationNodeAnimation_pfg55")
states/attack/position = Vector2(381, 70)
states/idle/node = SubResource("AnimationNodeAnimation_mtb62")
states/idle/position = Vector2(581, 70)
states/walk/node = SubResource("AnimationNodeAnimation_7bwv2")
states/walk/position = Vector2(381, 174)
transitions = ["attack", "walk", SubResource("AnimationNodeStateMachineTransition_3sj27"), "walk", "attack", SubResource("AnimationNodeStateMachineTransition_wxksk"), "walk", "idle", SubResource("AnimationNodeStateMachineTransition_bu2pa"), "idle", "walk", SubResource("AnimationNodeStateMachineTransition_5b2eb"), "Start", "walk", SubResource("AnimationNodeStateMachineTransition_d6nt4"), "attack", "idle", SubResource("AnimationNodeStateMachineTransition_yeqjt"), "idle", "attack", SubResource("AnimationNodeStateMachineTransition_5ceqo")]
graph_offset = Vector2(67, -28)

[sub_resource type="AnimationNodeTimeScale" id="AnimationNodeTimeScale_rus0s"]

[sub_resource type="AnimationNodeBlendTree" id="AnimationNodeBlendTree_g6yab"]
graph_offset = Vector2(-239.554, -7.8042)
nodes/StateMachine/node = SubResource("AnimationNodeStateMachine_oy34n")
nodes/StateMachine/position = Vector2(-80, 140)
nodes/TimeScale/node = SubResource("AnimationNodeTimeScale_rus0s")
nodes/TimeScale/position = Vector2(140, 140)
nodes/output/position = Vector2(360, 160)
node_connections = [&"output", 0, &"TimeScale", &"TimeScale", 0, &"StateMachine"]

[sub_resource type="AnimationNodeStateMachinePlayback" id="AnimationNodeStateMachinePlayback_2s6xo"]

[sub_resource type="AnimationNodeStateMachinePlayback" id="AnimationNodeStateMachinePlayback_o473m"]

[sub_resource type="AnimationNodeStateMachinePlayback" id="AnimationNodeStateMachinePlayback_0wmlk"]

[sub_resource type="BoxShape3D" id="BoxShape3D_xm4xx"]
size = Vector3(0.7, 1.8, 0.7)

[node name="enemy" type="PathFollow3D"]
loop = false
script = ExtResource("1_dy6i0")
damageBilliboard = ExtResource("2_0dv6n")

[node name="timerAttack" type="Timer" parent="."]
wait_time = 5.0

[node name="enemyVisual" type="Node3D" parent="."]
script = ExtResource("1_ossjd")

[node name="1" type="Node3D" parent="enemyVisual"]

[node name="bot1" parent="enemyVisual/1" instance=ExtResource("1_fabgi")]

[node name="Skeleton3D" parent="enemyVisual/1/bot1/Empty/Armature" index="0"]
bones/0/position = Vector3(8.42828e-16, 0.297362, 0.0567328)
bones/1/rotation = Quaternion(0.644274, 0.291378, -0.644276, -0.291408)
bones/2/rotation = Quaternion(-6.26499e-05, -2.16259e-06, 0.553157, 0.833077)
bones/3/position = Vector3(0.0661553, 1.59264, 3.34469e-06)
bones/3/rotation = Quaternion(8.07281e-05, 3.45592e-05, 0.202387, 0.979306)
bones/7/rotation = Quaternion(0.691681, 0.146893, 0.69168, 0.146894)
bones/8/rotation = Quaternion(-7.84386e-10, 2.97725e-07, -0.00129589, 0.999999)
bones/9/position = Vector3(-0.0653388, 1.57521, 1.31678e-07)
bones/9/rotation = Quaternion(6.33908e-07, 3.29724e-07, -0.366814, 0.930295)

[node name="Cube003" parent="enemyVisual/1/bot1/Empty/Armature/Skeleton3D" index="0"]
transform = Transform3D(1, -2.854e-05, -0.000147358, -2.01587e-05, 0.947334, -0.320249, 0.000148776, 0.320249, 0.947333, 1.77718, -2.6416, -0.737971)
bone_idx = 4

[node name="Cube002" parent="enemyVisual/1/bot1/Empty/Armature/Skeleton3D" index="1"]
transform = Transform3D(2.94465e-05, -7.9286e-05, 1, -0.258631, 0.965976, 8.41618e-05, -0.965976, -0.258631, 7.96428e-06, 1.75576, -0.658837, -1.27689)
bone_idx = 5

[node name="Cylinder" parent="enemyVisual/1/bot1/Empty/Armature/Skeleton3D" index="2"]
transform = Transform3D(1.19743e-05, 1, -4.17482e-05, 0.712344, -3.78542e-05, -0.701831, -0.701831, -2.12926e-05, -0.712344, 1.7581, 0.632005, -0.0292076)
bone_idx = 6

[node name="Cube001" parent="enemyVisual/1/bot1/Empty/Armature/Skeleton3D" index="3"]
transform = Transform3D(1, 1.05997e-08, 7.5414e-07, -1.71908e-07, 0.993292, 0.115637, -7.18287e-07, -0.115637, 0.993292, -1.77717, -2.99349, 2.05911)
bone_idx = 10

[node name="Cube" parent="enemyVisual/1/bot1/Empty/Armature/Skeleton3D" index="4"]
transform = Transform3D(-8.26499e-07, 1.10792e-06, 1, -0.3522, 0.935925, -1.31381e-06, -0.935925, -0.3522, -3.50436e-07, -1.75584, -1.18692, 1.1685)
bone_idx = 11

[node name="Cylinder003" parent="enemyVisual/1/bot1/Empty/Armature/Skeleton3D" index="5"]
transform = Transform3D(-1.10869e-06, 1, -5.96451e-07, -0.457508, -1.04124e-06, -0.889206, -0.889206, -6.7177e-07, 0.457508, -1.75811, 0.495301, 0.353882)
bone_idx = 12

[node name="Cylinder001" parent="enemyVisual/1/bot1/Empty/Armature/Skeleton3D" index="6"]
transform = Transform3D(1, 8.42819e-13, -2.84217e-14, -8.42819e-13, 1, -3.47547e-06, 1.42109e-14, 3.47547e-06, 1, -5.77083e-14, 3.52054, 1.29405)
bone_idx = 15

[node name="Cylinder002" parent="enemyVisual/1/bot1/Empty/Armature/Skeleton3D" index="7"]
transform = Transform3D(0.871396, 7.34429e-13, -2.47666e-14, -7.34429e-13, 0.871396, -3.02851e-06, 1.23833e-14, 3.02851e-06, 0.871396, -5.11058e-13, 3.02887, 2.66505)
bone_idx = 16

[node name="Roundcube" parent="enemyVisual/1/bot1/Empty/Armature/Skeleton3D" index="8"]
transform = Transform3D(1, 1.42109e-14, -4.26326e-14, -1.42109e-14, 1, -3.55271e-15, 1.42109e-14, 3.55271e-15, 1, -5.37442e-15, 1.22296, -5.58794e-08)
bone_idx = 17

[node name="AnimationTree" type="AnimationTree" parent="enemyVisual/1"]
tree_root = SubResource("AnimationNodeBlendTree_g6yab")
anim_player = NodePath("../bot1/AnimationPlayer")
active = true
parameters/StateMachine/playback = SubResource("AnimationNodeStateMachinePlayback_2s6xo")
parameters/TimeScale/scale = 1.0

[node name="2" type="Node3D" parent="enemyVisual"]

[node name="bot3" parent="enemyVisual/2" instance=ExtResource("3_0siqn")]

[node name="Skeleton3D" parent="enemyVisual/2/bot3/root/Armature" index="0"]
bones/0/position = Vector3(0, 3.16453, 0)
bones/1/rotation = Quaternion(0.63499, 0.311107, -0.63499, -0.311107)
bones/2/rotation = Quaternion(-5.59487e-09, -1.72928e-08, 0.500672, 0.865637)
bones/3/position = Vector3(0.0418984, 1.45077, -7.45876e-08)
bones/3/rotation = Quaternion(-6.6327e-09, 2.95051e-08, 0.249932, 0.968263)
bones/7/rotation = Quaternion(0.705614, 0.0459212, 0.705614, 0.0459212)
bones/8/rotation = Quaternion(-1.02368e-08, 1.48548e-09, -0.248102, 0.968734)
bones/9/position = Vector3(-0.141037, 1.45156, -1.48806e-07)
bones/9/rotation = Quaternion(1.01328e-09, -1.38468e-07, -0.239927, 0.970791)
bones/14/position = Vector3(1.54737, 0.0228315, 0.318166)
bones/14/rotation = Quaternion(0.702108, -0.567314, -0.337303, 0.267257)
bones/15/rotation = Quaternion(0.162348, -0.921519, -0.352538, 0.0127648)
bones/21/rotation = Quaternion(0.673072, -0.476059, 0.463427, -0.324926)
bones/22/rotation = Quaternion(-0.679934, 0.0312583, -0.662602, 0.312524)

[node name="Cube003" parent="enemyVisual/2/bot3/root/Armature/Skeleton3D" index="0"]
transform = Transform3D(1, 3.2382e-07, 3.34171e-08, -3.23179e-07, 0.936028, -0.351926, -2.28797e-07, 0.351926, 0.936028, 1.77717, 0.442128, -1.17232)
bone_idx = 4

[node name="Cube002" parent="enemyVisual/2/bot3/root/Armature/Skeleton3D" index="1"]
transform = Transform3D(-4.07178e-08, 1.41537e-07, 1, -0.119728, 0.992806, -1.5214e-07, -0.992806, -0.119729, -7.29864e-08, 1.75584, 2.47375, -1.45409)
bone_idx = 5

[node name="Cylinder" parent="enemyVisual/2/bot3/root/Armature/Skeleton3D" index="2"]
transform = Transform3D(9.97672e-08, 1, -2.52479e-08, 0.812932, -1.00075e-07, -0.582358, -0.582359, -1.48398e-08, -0.812932, 1.75811, 3.55332, -0.0234457)
bone_idx = 6

[node name="Cube001" parent="enemyVisual/2/bot3/root/Armature/Skeleton3D" index="3"]
transform = Transform3D(1, -3.56014e-08, 1.92952e-07, 5.147e-08, 0.993562, 0.113293, -6.54241e-08, -0.113293, 0.993561, -1.77717, 0.106609, 1.32356)
bone_idx = 10

[node name="Cube" parent="enemyVisual/2/bot3/root/Armature/Skeleton3D" index="4"]
transform = Transform3D(-5.91809e-08, 4.40866e-08, 1, -0.575994, 0.817454, -7.00169e-08, -0.817454, -0.575994, 8.84599e-08, -1.75584, 1.83039, 0.202909)
bone_idx = 11

[node name="Cylinder003" parent="enemyVisual/2/bot3/root/Armature/Skeleton3D" index="5"]
transform = Transform3D(-6.12606e-08, 1, 2.95539e-09, -0.0918126, -5.93298e-08, -0.995776, -0.995776, 5.91019e-08, 0.0918126, -1.75811, 3.65349, 0.0166374)
bone_idx = 12

[node name="Cylinder006" parent="enemyVisual/2/bot3/root/Armature/Skeleton3D" index="6"]
transform = Transform3D(-0.979439, -0.167849, -0.111918, 0.112074, 0.00857634, -0.993662, 0.167746, -0.985775, 0.0104115, 0.100483, 4.86305, 2.08144)
bone_idx = 16

[node name="Cylinder005" parent="enemyVisual/2/bot3/root/Armature/Skeleton3D" index="7"]
transform = Transform3D(-0.616338, 0.776883, -0.128763, -0.213457, -0.00742637, 0.976924, 0.758, 0.629601, 0.170408, 1.50436, 5.36766, 0.372319)
bone_idx = 17

[node name="Cylinder001" parent="enemyVisual/2/bot3/root/Armature/Skeleton3D" index="8"]
transform = Transform3D(1.4862, -4.96308e-24, 4.96308e-24, 4.96308e-24, 1.4862, 2.43679e-33, -4.96308e-24, -2.43679e-33, 1.4862, 1.94388e-15, 8.20103, 0.830023)
bone_idx = 19

[node name="Cube004" parent="enemyVisual/2/bot3/root/Armature/Skeleton3D" index="9"]
transform = Transform3D(-0.225181, -0.56372, -0.794677, -0.153686, 0.825966, -0.542366, 0.962119, 1.88251e-24, -0.272628, 0.811841, 7.42747, 1.11335)
bone_idx = 20

[node name="Cylinder004" parent="enemyVisual/2/bot3/root/Armature/Skeleton3D" index="10"]
transform = Transform3D(-0.0918467, 0.0461279, 0.994704, -0.0778963, -0.996198, 0.0390046, 0.992722, -0.0739014, 0.0950906, -2.19946, 4.89765, -2.09284)
bone_idx = 23

[node name="Cylinder008" parent="enemyVisual/2/bot3/root/Armature/Skeleton3D" index="11"]
transform = Transform3D(0.373635, -4.17233e-07, -1.06171e-07, 1.86265e-09, 1.02166e-06, -0.373635, -3.72529e-08, 2.91316, 4.86616e-08, -2.52197, 5.22422, 2.52892)
bone_idx = 24

[node name="Cylinder002" parent="enemyVisual/2/bot3/root/Armature/Skeleton3D" index="12"]
transform = Transform3D(-0.339686, 0.933207, 0.117208, -0.335581, -0.00383819, -0.942003, -0.878635, -0.359318, 0.31447, -1.4626, 5.66561, -0.126766)
bone_idx = 25

[node name="Roundcube" parent="enemyVisual/2/bot3/root/Armature/Skeleton3D" index="13"]
transform = Transform3D(1, 0, -7.10543e-15, 0, 1, 0, 7.10543e-15, 0, 1, 0, 4.20144, -3.22489e-15)
bone_idx = 26

[node name="AnimationTree" type="AnimationTree" parent="enemyVisual/2"]
tree_root = SubResource("AnimationNodeBlendTree_g6yab")
anim_player = NodePath("../bot3/AnimationPlayer")
active = true
parameters/StateMachine/playback = SubResource("AnimationNodeStateMachinePlayback_o473m")
parameters/TimeScale/scale = 1.0

[node name="3" type="Node3D" parent="enemyVisual"]

[node name="bot2" parent="enemyVisual/3" instance=ExtResource("2_hh7p6")]

[node name="Skeleton3D" parent="enemyVisual/3/bot2/Empty/Armature" index="0"]
bones/0/position = Vector3(-1.0369e-08, 3.48269, 1.41561e-08)
bones/1/rotation = Quaternion(0.647208, 0.284819, -0.647208, -0.284819)
bones/2/rotation = Quaternion(3.96757e-07, -5.77873e-08, 0.360057, 0.93293)
bones/3/position = Vector3(-0.0938359, 1.62935, -7.07875e-08)
bones/3/rotation = Quaternion(-5.54232e-07, -1.05327e-07, 0.443767, 0.896143)
bones/8/rotation = Quaternion(0.705847, -0.0421924, -0.705847, 0.0421923)
bones/9/rotation = Quaternion(-8.16567e-08, 1.00143e-07, 0.437048, 0.899438)
bones/12/rotation = Quaternion(0.368468, -6.41586e-15, 2.98743e-15, 0.92964)
bones/15/rotation = Quaternion(0.705847, 0.0421924, 0.705847, 0.0421923)
bones/16/rotation = Quaternion(-8.16567e-08, -1.00143e-07, -0.437048, 0.899438)
bones/20/rotation = Quaternion(0.694787, 0.131419, 0.694786, 0.131421)
bones/21/rotation = Quaternion(-1.49957e-07, 1.90428e-07, -0.0633342, 0.997992)
bones/22/position = Vector3(0.125935, 1.5979, 3.47273e-07)
bones/22/rotation = Quaternion(1.29952e-06, 7.03005e-07, -0.344034, 0.938957)

[node name="Cube005" parent="enemyVisual/3/bot2/Empty/Armature/Skeleton3D" index="0"]
transform = Transform3D(1, 2.03349e-07, 4.81323e-07, -1.59386e-08, 0.940366, -0.340163, -6.56771e-07, 0.340163, 0.940366, 1.31423, 0.635642, -1.64374)
bone_idx = 4

[node name="Cube004" parent="enemyVisual/3/bot2/Empty/Armature/Skeleton3D" index="1"]
transform = Transform3D(-9.75725e-08, 1.02302e-06, 1, 0.175865, 0.984414, -9.73359e-07, -0.984414, 0.175865, -3.37285e-07, 1.2929, 2.707, -1.47108)
bone_idx = 5

[node name="Cylinder005" parent="enemyVisual/3/bot2/Empty/Armature/Skeleton3D" index="2"]
transform = Transform3D(2.85497e-07, 1, 2.96931e-07, 0.812193, -4.08556e-08, -0.583388, -0.583389, 3.47976e-07, -0.812193, 1.29517, 3.78732, -0.0273789)
bone_idx = 6

[node name="Cylinder010" parent="enemyVisual/3/bot2/Empty/Armature/Skeleton3D" index="3"]
transform = Transform3D(1.98999e-07, 1, -1.45262e-07, -0.51181, -8.27632e-08, 0.859098, 0.859098, -5.36602e-08, 0.51181, 2.96468, 4.98496, 0.216619)
bone_idx = 10

[node name="Cylinder009" parent="enemyVisual/3/bot2/Empty/Armature/Skeleton3D" index="4"]
transform = Transform3D(1.67641e-07, 1, 3.56933e-07, -1, 1.06651e-07, -2.38884e-07, -2.98489e-07, -4.33339e-07, 1, 2.96456, 7.59229, 1.2368e-06)
bone_idx = 11

[node name="Roundcube003" parent="enemyVisual/3/bot2/Empty/Armature/Skeleton3D" index="5"]
transform = Transform3D(1, -4.55733e-15, 1.46956e-14, 6.8875e-15, 1, -8.9407e-08, -2.81395e-14, 1.19209e-07, 1, -1.0369e-08, 8.79533, 2.91684)
bone_idx = 13

[node name="Cylinder008" parent="enemyVisual/3/bot2/Empty/Armature/Skeleton3D" index="6"]
transform = Transform3D(1, -4.55733e-15, 1.46956e-14, 6.8875e-15, 1, -8.9407e-08, -2.81395e-14, 1.19209e-07, 1, -1.03689e-08, 8.40997, 3.98793)
bone_idx = 14

[node name="Cylinder007" parent="enemyVisual/3/bot2/Empty/Armature/Skeleton3D" index="7"]
transform = Transform3D(1.28827e-07, 1, 3.24076e-07, -0.51181, -1.76048e-07, 0.859098, 0.859098, -1.4755e-07, 0.511811, -2.96468, 4.98496, 0.216619)
bone_idx = 17

[node name="Cylinder006" parent="enemyVisual/3/bot2/Empty/Armature/Skeleton3D" index="8"]
transform = Transform3D(1.00581e-07, 1, -2.37723e-07, -1, 1.30651e-07, -3.27826e-07, -4.16767e-07, 2.23454e-07, 1, -2.96456, 7.59229, 1.2368e-06)
bone_idx = 18

[node name="Roundcube001" parent="enemyVisual/3/bot2/Empty/Armature/Skeleton3D" index="9"]
transform = Transform3D(1, -7.44485e-15, 8.71938e-15, 9.77502e-15, 1, -1.49012e-08, -2.21633e-14, 1.49012e-08, 1, -1.0369e-08, 6.39446, 1.04795)
bone_idx = 19

[node name="Cube007" parent="enemyVisual/3/bot2/Empty/Armature/Skeleton3D" index="10"]
transform = Transform3D(1, -3.58319e-07, 1.20349e-06, 2.89023e-07, 0.999584, 0.028848, -1.34673e-06, -0.0288479, 0.999583, -1.31424, 0.127677, 1.52013)
bone_idx = 23

[node name="Cube006" parent="enemyVisual/3/bot2/Empty/Armature/Skeleton3D" index="11"]
transform = Transform3D(-1.66124e-06, 1.95368e-06, 1, -0.404408, 0.914578, -2.47854e-06, -0.914578, -0.404408, -8.72971e-07, -1.2929, 1.96905, 0.57813)
bone_idx = 24

[node name="Cylinder004" parent="enemyVisual/3/bot2/Empty/Armature/Skeleton3D" index="12"]
transform = Transform3D(-1.38516e-06, 1, -1.73346e-06, -0.252361, -1.93331e-06, -0.967633, -0.967633, -1.07539e-06, 0.252361, -1.29517, 3.72959, 0.11347)
bone_idx = 25

[node name="Roundcube" parent="enemyVisual/3/bot2/Empty/Armature/Skeleton3D" index="13"]
transform = Transform3D(1, -1.77636e-14, 4.26326e-14, 1.77636e-14, 1, 0, -5.68434e-14, 0, 1, -1.0369e-08, 4.24641, -7.45058e-10)
bone_idx = 26

[node name="AnimationTree" type="AnimationTree" parent="enemyVisual/3"]
tree_root = SubResource("AnimationNodeBlendTree_g6yab")
anim_player = NodePath("../bot2/AnimationPlayer")
active = true
parameters/StateMachine/playback = SubResource("AnimationNodeStateMachinePlayback_0wmlk")
parameters/TimeScale/scale = 1.0

[node name="CharacterBody3D" type="CharacterBody3D" parent="."]
collision_layer = 5

[node name="CollisionShape3D" type="CollisionShape3D" parent="CharacterBody3D"]
transform = Transform3D(1, 0, 0, 0, 1, 0, 0, 0, 1, 0, 0.909179, 0)
shape = SubResource("BoxShape3D_xm4xx")

[editable path="enemyVisual/1/bot1"]
[editable path="enemyVisual/2/bot3"]
[editable path="enemyVisual/3/bot2"]
